0.001 0.001 -55689.2
0.001 0.0011 -53211.2
0.001 0.0012 -51046.3
0.001 0.0013 -49140.6
0.001 0.0014 -47452.3
0.001 0.0015 -45948.9
0.001 0.0016 -44604
0.001 0.0017 -43396.4
0.001 0.0018 -42308.7
0.001 0.0019 -41326.2
0.001 0.002 -40436.8
0.001 0.0021 -39630.1
0.001 0.0022 -38897.4
0.001 0.0023 -38231
0.001 0.0024 -37624.5
0.001 0.0025 -37072.1
0.001 0.0026 -36568.8
0.001 0.0027 -36110.3
0.001 0.0028 -35692.7
0.001 0.0029 -35312.6
0.001 0.003 -34966.8
0.001 0.0031 -34652.7
0.001 0.0032 -34367.8
0.001 0.0033 -34109.9
0.001 0.0034 -33877.1
0.001 0.0035 -33667.5
0.001 0.0036 -33479.5
0.001 0.0037 -33311.5
0.001 0.0038 -33162.4
0.001 0.0039 -33030.7
0.001 0.004 -32915.5
0.001 0.0041 -32815.5
0.001 0.0042 -32730
0.001 0.0043 -32657.9
0.001 0.0044 -32598.6
0.001 0.0045 -32551.1
0.001 0.0046 -32514.9
0.001 0.0047 -32489.3
0.001 0.0048 -32473.7
0.001 0.0049 -32467.6
0.001 0.005 -32470.3
0.001 0.0051 -32481.5
0.001 0.0052 -32500.7
0.001 0.0053 -32527.4
0.001 0.0054 -32561.3
0.001 0.0055 -32602
0.001 0.0056 -32649.2
0.001 0.0057 -32702.4
0.001 0.0058 -32761.5
0.001 0.0059 -32826.1
0.001 0.006 -32896
0.001 0.0061 -32970.9
0.001 0.0062 -33050.5
0.001 0.0063 -33134.7
0.001 0.0064 -33223.2
0.001 0.0065 -33315.8
0.001 0.0066 -33412.4
0.001 0.0067 -33512.7
0.001 0.0068 -33616.6
0.001 0.0069 -33723.9
0.001 0.007 -33834.4
0.001 0.0071 -33948.1
0.001 0.0072 -34064.7
0.001 0.0073 -34184.2
0.001 0.0074 -34306.4
0.001 0.0075 -34431.2
0.001 0.0076 -34558.5
0.001 0.0077 -34688.1
0.001 0.0078 -34820
0.001 0.0079 -34954.1
0.001 0.008 -35090.3
0.001 0.0081 -35228.5
0.001 0.0082 -35368.5
0.001 0.0083 -35510.4
0.001 0.0084 -35654.1
0.001 0.0085 -35799.4
0.001 0.0086 -35946.3
0.001 0.0087 -36094.7
0.001 0.0088 -36244.6
0.001 0.0089 -36395.9
0.001 0.009 -36548.6
0.001 0.0091 -36702.5
0.001 0.0092 -36857.6
0.001 0.0093 -37014
0.001 0.0094 -37171.4
0.001 0.0095 -37330
0.001 0.0096 -37489.6
0.001 0.0097 -37650.1
0.001 0.0098 -37811.6
0.001 0.0099 -37974
0.011 0.001 -55661.8
0.011 0.0011 -53184
0.011 0.0012 -51019.2
0.011 0.0013 -49113.5
0.011 0.0014 -47425.4
0.011 0.0015 -45922.1
0.011 0.0016 -44577.4
0.011 0.0017 -43369.9
0.011 0.0018 -42282.3
0.011 0.0019 -41299.9
0.011 0.002 -40410.6
0.011 0.0021 -39604.1
0.011 0.0022 -38871.5
0.011 0.0023 -38205.2
0.011 0.0024 -37598.8
0.011 0.0025 -37046.5
0.011 0.0026 -36543.3
0.011 0.0027 -36084.9
0.011 0.0028 -35667.4
0.011 0.0029 -35287.4
0.011 0.003 -34941.7
0.011 0.0031 -34627.7
0.011 0.0032 -34342.9
0.011 0.0033 -34085.2
0.011 0.0034 -33852.4
0.011 0.0035 -33642.9
0.011 0.0036 -33455
0.011 0.0037 -33287.2
0.011 0.0038 -33138.1
0.011 0.0039 -33006.6
0.011 0.004 -32891.4
0.011 0.0041 -32791.5
0.011 0.0042 -32706.1
0.011 0.0043 -32634.1
0.011 0.0044 -32574.8
0.011 0.0045 -32527.5
0.011 0.0046 -32491.4
0.011 0.0047 -32465.9
0.011 0.0048 -32450.4
0.011 0.0049 -32444.3
0.011 0.005 -32447.1
0.011 0.0051 -32458.4
0.011 0.0052 -32477.7
0.011 0.0053 -32504.5
0.011 0.0054 -32538.5
0.011 0.0055 -32579.2
0.011 0.0056 -32626.5
0.011 0.0057 -32679.8
0.011 0.0058 -32739
0.011 0.0059 -32803.7
0.011 0.006 -32873.6
0.011 0.0061 -32948.6
0.011 0.0062 -33028.3
0.011 0.0063 -33112.6
0.011 0.0064 -33201.2
0.011 0.0065 -33293.9
0.011 0.0066 -33390.5
0.011 0.0067 -33490.9
0.011 0.0068 -33594.8
0.011 0.0069 -33702.2
0.011 0.007 -33812.8
0.011 0.0071 -33926.5
0.011 0.0072 -34043.3
0.011 0.0073 -34162.8
0.011 0.0074 -34285.1
0.011 0.0075 -34409.9
0.011 0.0076 -34537.3
0.011 0.0077 -34667
0.011 0.0078 -34799
0.011 0.0079 -34933.2
0.011 0.008 -35069.4
0.011 0.0081 -35207.6
0.011 0.0082 -35347.8
0.011 0.0083 -35489.7
0.011 0.0084 -35633.4
0.011 0.0085 -35778.8
0.011 0.0086 -35925.8
0.011 0.0087 -36074.3
0.011 0.0088 -36224.2
0.011 0.0089 -36375.6
0.011 0.009 -36528.3
0.011 0.0091 -36682.3
0.011 0.0092 -36837.5
0.011 0.0093 -36993.9
0.011 0.0094 -37151.5
0.011 0.0095 -37310.1
0.011 0.0096 -37469.7
0.011 0.0097 -37630.3
0.011 0.0098 -37791.9
0.011 0.0099 -37954.3
0.021 0.001 -55655.3
0.021 0.0011 -53177.6
0.021 0.0012 -51012.9
0.021 0.0013 -49107.3
0.021 0.0014 -47419.3
0.021 0.0015 -45916.1
0.021 0.0016 -44571.4
0.021 0.0017 -43364.1
0.021 0.0018 -42276.5
0.021 0.0019 -41294.2
0.021 0.002 -40405
0.021 0.0021 -39598.5
0.021 0.0022 -38866
0.021 0.0023 -38199.9
0.021 0.0024 -37593.5
0.021 0.0025 -37041.3
0.021 0.0026 -36538.2
0.021 0.0027 -36079.9
0.021 0.0028 -35662.4
0.021 0.0029 -35282.4
0.021 0.003 -34936.8
0.021 0.0031 -34622.9
0.021 0.0032 -34338.2
0.021 0.0033 -34080.5
0.021 0.0034 -33847.8
0.021 0.0035 -33638.3
0.021 0.0036 -33450.5
0.021 0.0037 -33282.7
0.021 0.0038 -33133.7
0.021 0.0039 -33002.2
0.021 0.004 -32887.1
0.021 0.0041 -32787.3
0.021 0.0042 -32701.9
0.021 0.0043 -32630
0.021 0.0044 -32570.7
0.021 0.0045 -32523.4
0.021 0.0046 -32487.4
0.021 0.0047 -32461.9
0.021 0.0048 -32446.5
0.021 0.0049 -32440.4
0.021 0.005 -32443.3
0.021 0.0051 -32454.6
0.021 0.0052 -32473.9
0.021 0.0053 -32500.8
0.021 0.0054 -32534.8
0.021 0.0055 -32575.6
0.021 0.0056 -32622.9
0.021 0.0057 -32676.3
0.021 0.0058 -32735.5
0.021 0.0059 -32800.2
0.021 0.006 -32870.2
0.021 0.0061 -32945.2
0.021 0.0062 -33024.9
0.021 0.0063 -33109.2
0.021 0.0064 -33197.8
0.021 0.0065 -33290.6
0.021 0.0066 -33387.2
0.021 0.0067 -33487.6
0.021 0.0068 -33591.6
0.021 0.0069 -33699
0.021 0.007 -33809.7
0.021 0.0071 -33923.5
0.021 0.0072 -34040.2
0.021 0.0073 -34159.8
0.021 0.0074 -34282.1
0.021 0.0075 -34407
0.021 0.0076 -34534.4
0.021 0.0077 -34664.1
0.021 0.0078 -34796.1
0.021 0.0079 -34930.3
0.021 0.008 -35066.6
0.021 0.0081 -35204.8
0.021 0.0082 -35345
0.021 0.0083 -35487
0.021 0.0084 -35630.7
0.021 0.0085 -35776.1
0.021 0.0086 -35923.1
0.021 0.0087 -36071.6
0.021 0.0088 -36221.6
0.021 0.0089 -36373
0.021 0.009 -36525.7
0.021 0.0091 -36679.8
0.021 0.0092 -36835
0.021 0.0093 -36991.4
0.021 0.0094 -37149
0.021 0.0095 -37307.6
0.021 0.0096 -37467.3
0.021 0.0097 -37627.9
0.021 0.0098 -37789.5
0.021 0.0099 -37952
0.031 0.001 -55651.8
0.031 0.0011 -53174.1
0.031 0.0012 -51009.5
0.031 0.0013 -49104.1
0.031 0.0014 -47416.1
0.031 0.0015 -45913
0.031 0.0016 -44568.4
0.031 0.0017 -43361.1
0.031 0.0018 -42273.6
0.031 0.0019 -41291.4
0.031 0.002 -40402.2
0.031 0.0021 -39595.8
0.031 0.0022 -38863.3
0.031 0.0023 -38197.2
0.031 0.0024 -37590.9
0.031 0.0025 -37038.8
0.031 0.0026 -36535.7
0.031 0.0027 -36077.4
0.031 0.0028 -35660
0.031 0.0029 -35280.1
0.031 0.003 -34934.5
0.031 0.0031 -34620.6
0.031 0.0032 -34336
0.031 0.0033 -34078.3
0.031 0.0034 -33845.7
0.031 0.0035 -33636.2
0.031 0.0036 -33448.4
0.031 0.0037 -33280.7
0.031 0.0038 -33131.7
0.031 0.0039 -33000.2
0.031 0.004 -32885.1
0.031 0.0041 -32785.4
0.031 0.0042 -32700
0.031 0.0043 -32628.1
0.031 0.0044 -32568.9
0.031 0.0045 -32521.7
0.031 0.0046 -32485.6
0.031 0.0047 -32460.2
0.031 0.0048 -32444.8
0.031 0.0049 -32438.8
0.031 0.005 -32441.7
0.031 0.0051 -32453
0.031 0.0052 -32472.3
0.031 0.0053 -32499.2
0.031 0.0054 -32533.2
0.031 0.0055 -32574.1
0.031 0.0056 -32621.4
0.031 0.0057 -32674.8
0.031 0.0058 -32734
0.031 0.0059 -32798.8
0.031 0.006 -32868.8
0.031 0.0061 -32943.8
0.031 0.0062 -33023.6
0.031 0.0063 -33107.9
0.031 0.0064 -33196.5
0.031 0.0065 -33289.3
0.031 0.0066 -33386
0.031 0.0067 -33486.4
0.031 0.0068 -33590.4
0.031 0.0069 -33697.8
0.031 0.007 -33808.5
0.031 0.0071 -33922.3
0.031 0.0072 -34039
0.031 0.0073 -34158.6
0.031 0.0074 -34280.9
0.031 0.0075 -34405.9
0.031 0.0076 -34533.3
0.031 0.0077 -34663
0.031 0.0078 -34795.1
0.031 0.0079 -34929.3
0.031 0.008 -35065.5
0.031 0.0081 -35203.8
0.031 0.0082 -35344
0.031 0.0083 -35486
0.031 0.0084 -35629.7
0.031 0.0085 -35775.2
0.031 0.0086 -35922.2
0.031 0.0087 -36070.7
0.031 0.0088 -36220.7
0.031 0.0089 -36372.1
0.031 0.009 -36524.9
0.031 0.0091 -36678.9
0.031 0.0092 -36834.1
0.031 0.0093 -36990.6
0.031 0.0094 -37148.1
0.031 0.0095 -37306.8
0.031 0.0096 -37466.4
0.031 0.0097 -37627.1
0.031 0.0098 -37788.7
0.031 0.0099 -37951.2
0.041 0.001 -55649.5
0.041 0.0011 -53171.9
0.041 0.0012 -51007.4
0.041 0.0013 -49102
0.041 0.0014 -47414.1
0.041 0.0015 -45911
0.041 0.0016 -44566.5
0.041 0.0017 -43359.2
0.041 0.0018 -42271.8
0.041 0.0019 -41289.6
0.041 0.002 -40400.5
0.041 0.0021 -39594.1
0.041 0.0022 -38861.7
0.041 0.0023 -38195.6
0.041 0.0024 -37589.4
0.041 0.0025 -37037.2
0.041 0.0026 -36534.2
0.041 0.0027 -36076
0.041 0.0028 -35658.6
0.041 0.0029 -35278.7
0.041 0.003 -34933.2
0.041 0.0031 -34619.3
0.041 0.0032 -34334.7
0.041 0.0033 -34077
0.041 0.0034 -33844.4
0.041 0.0035 -33635
0.041 0.0036 -33447.2
0.041 0.0037 -33279.5
0.041 0.0038 -33130.6
0.041 0.0039 -32999.1
0.041 0.004 -32884.1
0.041 0.0041 -32784.3
0.041 0.0042 -32699
0.041 0.0043 -32627.1
0.041 0.0044 -32567.9
0.041 0.0045 -32520.7
0.041 0.0046 -32484.7
0.041 0.0047 -32459.3
0.041 0.0048 -32443.9
0.041 0.0049 -32437.9
0.041 0.005 -32440.8
0.041 0.0051 -32452.2
0.041 0.0052 -32471.5
0.041 0.0053 -32498.4
0.041 0.0054 -32532.5
0.041 0.0055 -32573.3
0.041 0.0056 -32620.6
0.041 0.0057 -32674
0.041 0.0058 -32733.3
0.041 0.0059 -32798
0.041 0.006 -32868.1
0.041 0.0061 -32943.1
0.041 0.0062 -33022.9
0.041 0.0063 -33107.2
0.041 0.0064 -33195.9
0.041 0.0065 -33288.6
0.041 0.0066 -33385.3
0.041 0.0067 -33485.8
0.041 0.0068 -33589.8
0.041 0.0069 -33697.2
0.041 0.007 -33807.9
0.041 0.0071 -33921.7
0.041 0.0072 -34038.5
0.041 0.0073 -34158.1
0.041 0.0074 -34280.4
0.041 0.0075 -34405.4
0.041 0.0076 -34532.8
0.041 0.0077 -34662.5
0.041 0.0078 -34794.6
0.041 0.0079 -34928.8
0.041 0.008 -35065.1
0.041 0.0081 -35203.4
0.041 0.0082 -35343.6
0.041 0.0083 -35485.6
0.041 0.0084 -35629.3
0.041 0.0085 -35774.8
0.041 0.0086 -35921.8
0.041 0.0087 -36070.3
0.041 0.0088 -36220.3
0.041 0.0089 -36371.8
0.041 0.009 -36524.5
0.041 0.0091 -36678.5
0.041 0.0092 -36833.8
0.041 0.0093 -36990.3
0.041 0.0094 -37147.8
0.041 0.0095 -37306.5
0.041 0.0096 -37466.2
0.041 0.0097 -37626.8
0.041 0.0098 -37788.4
0.041 0.0099 -37950.9
0.051 0.001 -55647.8
0.051 0.0011 -53170.3
0.051 0.0012 -51005.8
0.051 0.0013 -49100.5
0.051 0.0014 -47412.7
0.051 0.0015 -45909.6
0.051 0.0016 -44565.1
0.051 0.0017 -43357.9
0.051 0.0018 -42270.5
0.051 0.0019 -41288.4
0.051 0.002 -40399.3
0.051 0.0021 -39593
0.051 0.0022 -38860.6
0.051 0.0023 -38194.6
0.051 0.0024 -37588.3
0.051 0.0025 -37036.2
0.051 0.0026 -36533.3
0.051 0.0027 -36075
0.051 0.0028 -35657.7
0.051 0.0029 -35277.8
0.051 0.003 -34932.3
0.051 0.0031 -34618.5
0.051 0.0032 -34333.9
0.051 0.0033 -34076.2
0.051 0.0034 -33843.6
0.051 0.0035 -33634.3
0.051 0.0036 -33446.5
0.051 0.0037 -33278.8
0.051 0.0038 -33129.9
0.051 0.0039 -32998.4
0.051 0.004 -32883.4
0.051 0.0041 -32783.7
0.051 0.0042 -32698.3
0.051 0.0043 -32626.5
0.051 0.0044 -32567.3
0.051 0.0045 -32520.1
0.051 0.0046 -32484.1
0.051 0.0047 -32458.7
0.051 0.0048 -32443.3
0.051 0.0049 -32437.4
0.051 0.005 -32440.3
0.051 0.0051 -32451.7
0.051 0.0052 -32471
0.051 0.0053 -32497.9
0.051 0.0054 -32532
0.051 0.0055 -32572.9
0.051 0.0056 -32620.2
0.051 0.0057 -32673.6
0.051 0.0058 -32732.9
0.051 0.0059 -32797.7
0.051 0.006 -32867.7
0.051 0.0061 -32942.7
0.051 0.0062 -33022.5
0.051 0.0063 -33106.9
0.051 0.0064 -33195.5
0.051 0.0065 -33288.3
0.051 0.0066 -33385
0.051 0.0067 -33485.5
0.051 0.0068 -33589.5
0.051 0.0069 -33696.9
0.051 0.007 -33807.6
0.051 0.0071 -33921.5
0.051 0.0072 -34038.2
0.051 0.0073 -34157.9
0.051 0.0074 -34280.2
0.051 0.0075 -34405.1
0.051 0.0076 -34532.5
0.051 0.0077 -34662.3
0.051 0.0078 -34794.4
0.051 0.0079 -34928.6
0.051 0.008 -35064.9
0.051 0.0081 -35203.2
0.051 0.0082 -35343.4
0.051 0.0083 -35485.4
0.051 0.0084 -35629.2
0.051 0.0085 -35774.6
0.051 0.0086 -35921.6
0.051 0.0087 -36070.2
0.051 0.0088 -36220.2
0.051 0.0089 -36371.6
0.051 0.009 -36524.4
0.051 0.0091 -36678.4
0.051 0.0092 -36833.7
0.051 0.0093 -36990.2
0.051 0.0094 -37147.8
0.051 0.0095 -37306.4
0.051 0.0096 -37466.1
0.051 0.0097 -37626.8
0.051 0.0098 -37788.4
0.051 0.0099 -37950.9
0.061 0.001 -55646.6
0.061 0.0011 -53169.1
0.061 0.0012 -51004.7
0.061 0.0013 -49099.4
0.061 0.0014 -47411.6
0.061 0.0015 -45908.6
0.061 0.0016 -44564.2
0.061 0.0017 -43357
0.061 0.0018 -42269.6
0.061 0.0019 -41287.5
0.061 0.002 -40398.5
0.061 0.0021 -39592.2
0.061 0.0022 -38859.8
0.061 0.0023 -38193.8
0.061 0.0024 -37587.6
0.061 0.0025 -37035.5
0.061 0.0026 -36532.6
0.061 0.0027 -36074.4
0.061 0.0028 -35657.1
0.061 0.0029 -35277.2
0.061 0.003 -34931.7
0.061 0.0031 -34617.9
0.061 0.0032 -34333.3
0.061 0.0033 -34075.7
0.061 0.0034 -33843.1
0.061 0.0035 -33633.8
0.061 0.0036 -33446
0.061 0.0037 -33278.3
0.061 0.0038 -33129.4
0.061 0.0039 -32998
0.061 0.004 -32883
0.061 0.0041 -32783.3
0.061 0.0042 -32697.9
0.061 0.0043 -32626.1
0.061 0.0044 -32567
0.061 0.0045 -32519.8
0.061 0.0046 -32483.8
0.061 0.0047 -32458.4
0.061 0.0048 -32443
0.061 0.0049 -32437
0.061 0.005 -32440
0.061 0.0051 -32451.4
0.061 0.0052 -32470.7
0.061 0.0053 -32497.7
0.061 0.0054 -32531.7
0.061 0.0055 -32572.6
0.061 0.0056 -32620
0.061 0.0057 -32673.4
0.061 0.0058 -32732.7
0.061 0.0059 -32797.4
0.061 0.006 -32867.5
0.061 0.0061 -32942.5
0.061 0.0062 -33022.4
0.061 0.0063 -33106.7
0.061 0.0064 -33195.4
0.061 0.0065 -33288.2
0.061 0.0066 -33384.9
0.061 0.0067 -33485.3
0.061 0.0068 -33589.4
0.061 0.0069 -33696.8
0.061 0.007 -33807.5
0.061 0.0071 -33921.3
0.061 0.0072 -34038.1
0.061 0.0073 -34157.8
0.061 0.0074 -34280.1
0.061 0.0075 -34405.1
0.061 0.0076 -34532.5
0.061 0.0077 -34662.3
0.061 0.0078 -34794.3
0.061 0.0079 -34928.6
0.061 0.008 -35064.9
0.061 0.0081 -35203.2
0.061 0.0082 -35343.4
0.061 0.0083 -35485.4
0.061 0.0084 -35629.2
0.061 0.0085 -35774.6
0.061 0.0086 -35921.6
0.061 0.0087 -36070.2
0.061 0.0088 -36220.2
0.061 0.0089 -36371.6
0.061 0.009 -36524.4
0.061 0.0091 -36678.5
0.061 0.0092 -36833.7
0.061 0.0093 -36990.2
0.061 0.0094 -37147.8
0.061 0.0095 -37306.4
0.061 0.0096 -37466.1
0.061 0.0097 -37626.8
0.061 0.0098 -37788.4
0.061 0.0099 -37951
0.071 0.001 -55645.6
0.071 0.0011 -53168.2
0.071 0.0012 -51003.8
0.071 0.0013 -49098.5
0.071 0.0014 -47410.8
0.071 0.0015 -45907.8
0.071 0.0016 -44563.4
0.071 0.0017 -43356.3
0.071 0.0018 -42268.9
0.071 0.0019 -41286.9
0.071 0.002 -40397.9
0.071 0.0021 -39591.6
0.071 0.0022 -38859.2
0.071 0.0023 -38193.3
0.071 0.0024 -37587.1
0.071 0.0025 -37035
0.071 0.0026 -36532.1
0.071 0.0027 -36073.9
0.071 0.0028 -35656.6
0.071 0.0029 -35276.8
0.071 0.003 -34931.3
0.071 0.0031 -34617.5
0.071 0.0032 -34332.9
0.071 0.0033 -34075.3
0.071 0.0034 -33842.8
0.071 0.0035 -33633.4
0.071 0.0036 -33445.7
0.071 0.0037 -33278
0.071 0.0038 -33129.1
0.071 0.0039 -32997.7
0.071 0.004 -32882.7